
500 numeri:

make go_with_count N="667 344 556 61 530 608 926 51 679 424 230 483 324 645 384 923 517 126 619 473 970 334 604 128 37 954 175 787 805 791 720 170 851 12 706 23 830 562 415 35 907 225 631 156 330 889 964 444 588 469 259 943 812 256 915 74 814 154 394 409 79 576 614 112 710 948 892 368 621 283 822 978 976 167 30 973 953 933 893 620 13 635 380 989 148 456 108 583 689 605 139 141 14 956 698 804 64 771 98 475 864 366 174 609 27 43 916 884 418 535 505 704 561 899 332 852 756 813 643 552 427 425 113 906 766 18 641 914 240 501 60 342 135 905 369 238 639 467 46 401 511 159 984 540 83 684 744 134 326 350 686 834 294 158 599 372 72 234 172 961 579 89 223 607 727 666 493 927 901 767 323 88 565 952 677 748 656 745 261 85 253 700 701 702 367 520 709 764 657 735 928 211 419 992 338 782 798 16 430 894 316 184 548 637 788 498 136 24 1 888 825 436 250 202 325 313 421 969 722 636 941 513 995 968 474 448 632 957 725 519 613 489 131 713 862 971 272 566 728 362 49 695 110 529 799 122 881 92 480 865 354 547 328 180 457 945 872 682 458 510 883 815 406 672 775 151 488 776 919 518 17 664 817 109 221 405 732 69 222 578 97 828 228 525 385 205 434 249 870 833 168 422 459 554 227 173 70 296 640 996 912 161 871 443 371 494 413 570 57 246 623 62 693 266 267 153 111 642 843 546 387 975 423 819 477 581 997 76 309 7 282 417 796 20 251 479 391 685 106 472 719 950 277 133 629 937 959 792 836 669 962 315 482 591 527 48 880 239 647 19 169 181 377 119 991 262 235 516 844 544 922 810 585 590 116 612 580 144 466 903 355 149 290 341 190 762 192 285 213 994 278 220 210 29 697 949 206 248 303 298 339 765 733 31 186 651 783 869 10 563 691 980 807 499 596 930 974 839 104 400 288 557 386 772 743 118 314 806 319 946 198 364 486 502 408 451 503 286 329 958 388 399 750 998 718 301 105 658 721 610 255 25 560 47 987 150 781 416 759 847 602 123 102 68 26 236 758 233 176 827 660 52 370 449 4 189 724 543 533 463 50 11 857 715 80 650 378 633 960 777 337 692 65 618 137 155 681 644 654 875"

make go_with_count N="19117 14110 8611 14666 13362 4740 11535 12349 1973 19042 5183 14680 12381 6086 17945 16612 16853 9386 11789 8132 14032 2400 19076 11977 19454 8875 14234 18134 12637 12178 13346 14552 4493 12725 19418 15569 11920 17802 16637 18470 13993 788 1638 17238 3666 19706 10836 12223 5759 14975 10716 14574 5207 6518 9626 17167 7358 19889 4788 4520 14185 7031 6669 17894 16087 2311 17482 3679 16934 4473 6861 8414 10574 14465 18298 13348 2995 12034 3219 2419 6473 7949 9519 15361 7076 6312 3009 12998 16089 11773 883 19753 17766 9715 8563 18486 17863 11693 16036 18762 5297 15877 6902 18677 4329 15459 13152 2483 6717 11065 17599 8069 2383 6784 6450 10630 14610 11787 16484 12463 19597 6087 17153 18727 2414 7955 15753 3464 19568 13372 3515 6505 16216 1646 14063 382 4355 11580 9392 1326 2041 4219 9440 7208 10461 13326 10106 2237 2091 11414 1479 11406 9923 2087 6143 4530 978 8913 10216 8956 10119 7636 1830 15527 850 12103 13642 19760 13099 15543 4136 17076 4029 11260 4212 19621 17583 19082 4609 17765 11722 5456 16480 15801 9189 15198 7359 10871 9303 14764 16073 9577 7247 4308 9942 12458 10271 8343 13867 16093 11306 4994 17346 7203 1498 7930 14671 3920 939 14625 3127 14312 17320 19095 11041 6000 7430 8898 9021 18350 10669 3789 10558 3367 11285 17973 3027 5912 17644 13756 14231 3506 3323 9991 6684 16339 17778 1529 17939 19826 1775 2842 3107 19635 11419 3090 13775 7356 11644 18911 7090 371 18982 3738 8802 19785 1715 2831 19556 4320 19475 15341 478 17790 16928 4975 11745 14243 14466 17288 9743 18398 3530 6477 18818 1242 15689 7645 18946 8917 5475 4675 15480 4235 7702 13871 14718 7279 1680 12881 14959 11682 9158 15226 19282 8129 7935 9001 18590 16605 17451 11664 17277 19794 1341 11275 13028 5486 10505 9722 166 16874 7054 18905 1028 17761 2725 16205 2375 3256 8545 9987 15568 11567 4189 13712 16372 19049 11254 19007 16407 12412 17699 6946 9786 9022 2862 17733 13768 15634 12466 15340 372 4765 1918 15307 437 12252 6992 10084 745 6452 19866 4795 3263 1526 4194 3837 8788 12155 2839 13656 8483 17545 6397 18178 3300 13514 18200 9796 11994 5684 11515 14991 7620 3883 11868 375 18273 5149 5728 8486 4325 19652 1576 19074 19363 16207 9132 19302 1353 9448 2110 6860 2345 1943 19287 16978 2941 19144 6694 8756 10968 614 18410 3843 2716 3657 8275 15006 6767 8999 18796 12547 15286 14727 13227 16641 2627 11298 4058 16025 12509 6741 9161 7271 3980 7547 11378 7213 19617 19558 14260 15283 2714 17339 19456 5064 3528 13177 1414 11738 1264 19768 7527 5092 5222 7937 6506 4539 2930 13936 19893 9031 5309 17146 8916 9518 13445 16556 8006 17621 11619 4566 18774 8396 12199 1823 11014 5871 9341 16159 4137 16267 12713 11794 12813 454 16035 1746 12426 19808 6620 2254 17156 18795 17576 11711 17628 2841 15521 528 13052 9583 10276 18338 676 11533 17186 5053"



100 numeri:

make go_with_count N="23 45 67 89 12 34 56 78 90 11 3 99 21 65 43 87 32 76 54 88 9 98 20 64 42 86 31 75 53 85 8 97 19 63 41 84 30 74 52 83 7 96 18 62 40 82 29 73 51 81 6 95 17 61 39 80 28 72 50 79 5 94 16 60 38 77 27 71 49 70 4 93 15 59 37 69 26 68 48 66 2 92 14 58 36 55 25 47 1 91 13 57 35 24 46 22 33 44"