pb
pb
pb
pb
pb
pb
pb
pb
rra
21 56 99 
34 68 11 92 45 77 29 83 
cost_a: 0
cost_b: 2
rb
pa
ra
21 56 99 68 
21 56 99 68 
11 92 45 77 29 83 34 
cost_a: 0
cost_b: 2
rb
pa
ra
21 56 99 68 92 
21 56 99 68 92 
45 77 29 83 34 11 
cost_a: 0
cost_b: 1
rb
pa
ra
21 56 99 68 92 77 
21 56 99 68 92 77 
29 83 34 11 45 
cost_a: 0
cost_b: 2
rb
pa
ra
21 56 99 68 92 77 83 
21 56 99 68 92 77 83 
34 11 45 29 
cost_a: 0
cost_b: 2
rb
pa
11 21 56 99 68 92 77 83 
11 21 56 99 68 92 77 83 
45 29 34 
cost_a: -1
cost_b: 1
rra
pa
ra
ra
11 21 56 99 68 92 77 45 83 
11 21 56 99 68 92 77 45 83 
29 34 
cost_a: -3
cost_b: 1
rra
pa
ra
ra
11 21 56 99 68 92 77 45 29 83 
11 21 56 99 68 92 77 45 29 83 
34 
cost_a: 4
cost_b: 0
ra
pa
ra
ra
ra
ra
ra
ra
ra
ra
ra
ra
11 34 21 56 99 68 92 77 45 29 83 
11 34 21 56 99 68 92 77 45 29 83 

11 34 21 56 99 68 92 77 45 29 83 
11 34 21 56 99 68 92 77 45 29 83 
